gbd_country	GDPpc_1990	GDPpc_1991	GDPpc_1992	GDPpc_1993	GDPpc_1994	GDPpc_1995	GDPpc_1996	GDPpc_1997	GDPpc_1998	GDPpc_1999	GDPpc_2000	GDPpc_2001	GDPpc_2002	GDPpc_2003	GDPpc_2004	GDPpc_2005
Aruba	20250.92	20895.67	20901.92	21053.84	21488.3	21193.29	20951.63	22078.58	23174.55	23218.2	23794.47	23251.46	22279.17	21826.58	22728.98	22620.7
Afghanistan	1403.828	1419.832	1183.108	934.8361	821.4464	816.7681	817.7994	863.5663	867.2024	759.8152	499.1898	452.4203	598.6963	657.9518	665.028	725.4896
Angola	2679.331	2586.922	2357.122	1766.319	1768.214	1818.687	1979.581	2069.185	2127.678	2145.089	2155.318	2164.564	2389.009	2398.595	2575.722	2981.541
Anguilla	10846.02	10394.76	10784.72	11237.49	11788.97	11369.51	11444.17	12320.89	13238.58	13495.73	13477.33	13597.51	13252.5	13368.4	15591.44	16493.51
Albania	3539.166	2170.639	1751.702	2100.076	2475.551	2804.911	2904.132	2624.866	2945.34	3406.012	3806.133	4066.601	4155.827	4274.777	4559.053	4769.173
Andorra	23566.33	23313.04	22607.89	21551.57	21286.96	21306.76	21911.36	23556.78	24265.99	25144.96	25279.42	27481.38	28376.02	29443.47	30552.82	31710.74
Netherlands_Antilles	14160.19	14292.31	14665.18	15211.38	15889.13	15908.88	15902.78	15976.59	15813.44	15613.46	15197.79	15314.94	15312.24	15400.82	15441.35	15435.21
United_Arab_Emirates	34388.27	32915.27	32361.5	30001	31070.22	31588.32	32918.68	33866.96	33289.64	32995.01	34175.07	34938.22	34542.34	37090.62	38784.28	40172.63
Argentina	7411.262	8217.145	9082.74	9511.363	9922.189	9539.028	9889.576	10542.89	10833.81	10442.85	10230.08	9663.915	8591.266	9192.813	9905.109	10639.79
Armenia	3457.294	3123.547	1960.826	1819.407	1940.804	2091.583	2227.738	2250.179	2429.679	2538.922	2751.001	3075.317	3441.69	3839.872	4207.73	4729.102
Antigua_and_Barbuda	11008.07	11062.23	11239.27	11831.58	12355.94	11656.94	12094.96	12482.27	12952.58	13251.21	13320.08	13351.51	13880.63	14384.64	15116.76	15684.2
Australia	20563.94	20329.82	20437.61	20960.72	21634.74	22294.45	22916.14	23603.05	24469.41	25301.17	25734.16	26155.61	26774.27	27398.13	27841.26	28232.04
Austria	22876.55	23436.53	23903.92	23653.76	24124.43	24492.59	25018.28	25480.22	26358.95	27166.04	28066.88	28225.91	28354.99	28562.67	29113.59	29530.73
Azerbaijan	5296.669	5197.736	4079.566	3185.301	2595.117	1968.712	1889.515	1994.183	2223.424	2577.272	2899.673	3095.718	3247.549	3292.356	3570.718	4366.611
Burundi	747.1308	770.4148	769.3564	661.4071	613.4901	596.9583	540.3857	532.0636	548.0675	565.9747	499.2972	506.7595	531.2911	525.9217	532.7126	521.8821
Belgium	21777.08	22073.09	22329.71	22020.97	22663.12	23146.76	23342.57	24095.46	24471.08	25196.35	26093.72	26235.82	26524.08	26682.56	27346.03	27551.99
Benin	999.733	1017.501	1024.469	1023.58	1025.532	1034.003	1063.179	1087.82	1105.313	1120.227	1148.225	1168.423	1193.47	1213.409	1213.631	1212.293
Burkina_Faso	730.7037	768.7404	754.855	743.3317	749.347	743.7804	767.9871	791.6478	804.4463	857.3027	864.0789	883.4376	910.116	970.9536	977.9376	1008.887
Bangladesh	1096.758	1114.269	1124.438	1164.972	1161.14	1149.187	1206.82	1245.796	1259.34	1284.707	1325.278	1404.129	1447.391	1513.472	1572.504	1631.493
Bulgaria	7748.943	7225.897	6886.486	6700.896	6534.652	6862.58	6191.342	5934.995	6121.891	6245.917	6700.644	6985.698	7375.549	7718.879	8184.391	8696.952
Bahrain	18028.52	18350.75	19043.92	21241.73	19001.36	19677.27	19809.66	19887.72	20247.07	20981.49	21635.18	22135.42	22398.86	23369.3	24137.19	25420.55
Bahamas	20132.24	19265.89	17945.67	17542.06	17891.36	17639.69	17580.22	17739.06	18101.38	19311.41	19769.72	19435.61	19421.99	19442.02	19671.23	19915.91
Bosnia_and_Herzegovina	1445.677	1309.59	1076.04	935.3557	1074.75	1564.069	2445.145	3163.055	3478.201	3676.287	3736.828	3987.643	4161.205	4246.33	4471.618	4618.287
Belarus	7952.321	7871.719	7193	6704.683	5911.817	5383.976	5470.161	6190.04	6616.581	7086.264	7579.021	8186.241	8742.543	9353.255	10347.07	11292.55
Belize	4445.129	4543.624	4913.561	5106.477	5170.681	5175.172	5107.183	5084.928	5105.741	5253.156	5496.97	5681.026	6002.259	6314.397	6188.381	6176.088
Bermuda	35161.96	34950.82	33959.79	34926.09	35190.83	36440.8	37343.16	38195.63	38937.64	40882.23	39510.95	39248.09	40165.05	41754.84	42952.15	44588.12
Bolivia	2647.987	2706.836	2689.53	2739.407	2802.379	2861.881	2911.26	2977.357	3039.336	3030.99	3044.604	3051.897	3066.741	3095.015	3159.294	3233.272
Brazil	6624.073	6574.05	6451.613	6602.948	6827.301	6883.386	6932.574	7033.519	6948.022	6933.499	7116.264	7068.8	7030.088	7152.525	7438.191	7554.095
Barbados	13622.43	13336.15	12755.08	12523.12	12738.49	13083.38	13339.4	13688.09	14177.33	14493.98	14903.56	14465.66	14467.82	14703.2	15021.3	15529.35
Brunei_Darussalam	36007.57	36211.95	36060.16	35195.83	35148.16	35432.66	35749.18	34929.87	34237.54	33477.38	33639.09	33816.23	34267.68	34713.3	34183.75	33622.31
Bhutan	1092.324	1099.813	1148.984	1189.703	1263.43	1361.141	1426.476	1516.256	1555.513	1625.311	1684.993	1735.386	1846.128	1950.705	2031.546	2122.088
Botswana	5726.064	6011.558	6129.634	6034.959	6099.578	6168.3	6356.705	6822.026	7170.285	7232.209	7966.374	8394.563	8560.794	8952.368	9696.652	10085.82
Central_African_Republic	856.7983	830.4819	705.5456	687.4049	701.1912	729.8053	688.9092	711.9532	730.8992	786.9646	797.881	797.8021	772.3601	728.834	727.9115	732.0209
Canada	22656.48	21823.34	21761.82	22070.43	22976.86	23438.17	23586.2	24444.8	25219.92	26433.95	27595.08	27768.2	28338.6	28644.73	29235.96	29786.68
Switzerland	28803.31	28222.38	27931.36	27673.1	27848.98	27821.11	27799.85	28194.96	28942.55	29136.85	30016.27	30174.79	30088	29847.72	30335.96	30778.66
Chile	6481.899	6857.931	7559.623	7956.335	8279.574	9015.543	9552.115	10037.86	10219.99	10069.88	10360.2	10575.64	10685.79	10997.03	11507.28	11978.52
China	1325.178	1422.515	1581.833	1733.942	1975.136	2173.439	2357.071	2582.951	2771.151	2947.174	3186.56	3415.264	3696.691	3995.015	4319.037	4694.625
C?e_d'Ivoire	2002.578	1904.847	1862.088	1787.902	1709.598	1765.297	1829.276	1861.645	1902.037	1915.809	1866.439	1819.654	1771.518	1727.407	1728.894	1722.711
Cameroon	2268.446	2127.978	2005.589	1904.694	1798.386	1791.301	1819.232	1903.848	1959.526	1995.917	2048.235	2087.401	2151.374	2212.44	2241.881	2245.646
Democratic_Republic_of_the_Congo	756.51	683.5979	552.122	450.4709	431.1703	402.9903	392.6835	377.0419	365.3585	328.5551	292.558	281.7952	277.3893	330.2427	326.1009	336.3568
Congo	2866.802	2719.447	2786.832	2519.983	2324.625	2441.918	2477.164	2453.398	2621.465	2034.038	1982.761	2058.308	2125.106	2087.01	2112.042	2218.067
Cook_Islands	8688.664	9192.783	9615.691	9894.68	10224.65	9904.938	10019.25	10021.93	10213.02	10737.36	12326.85	13180.92	13815.11	15139.72	16076.94	16495.77
Colombia	4936.834	4950.436	5056.883	5109.401	5265.885	5433.984	5509.31	5617.989	5578.706	5371.148	5417.953	5385.878	5405.649	5485.295	5655.88	5834.394
Comoros	1527.394	1479.38	1460.228	1458.804	1390.036	1331.972	1304.163	1280.118	1235.272	1208.116	1163.866	1169.311	1176.957	1140.296	1117.791	1139.433
Cape_Verde	2182.596	2212.088	2229.738	2366.115	2373.458	2599.252	2630.75	2839.082	3025.348	3238.179	3529.431	3457.131	3544.51	3673.201	3634.871	3772.68
Costa_Rica	5936.095	5903.146	6241.246	6539.91	6707.48	6831.827	6775.954	6945.406	7289.251	7779.681	7770.101	7613.317	7666.587	8039.785	8206.415	8517.938
Cuba	6412.583	6179.06	5487.451	4796.599	4840.744	4850.179	5057.288	5041.738	5105.888	5381.042	5596.728	5764.299	5882.829	6103.133	6386.121	7030.485
Cayman_Islands	41060.28	39988.16	39563.23	39735.11	40078.85	40261.71	40504.54	40938.3	41546.47	41436.76	40633.69	39835.19	39557.4	39472.93	39104.2	40642.39
Cyprus	15410.41	15249.43	16169.74	15884.83	16527.36	17622.03	17807.41	18131.35	18843.83	19673.33	20365.68	21128.97	21344.39	21538.97	21910.51	22225.74
Czech_Republic	13959.55	12362.83	12266.64	12313.9	12551.15	13176.35	13711.71	13679.73	13581.02	13821.63	14295.52	14689.86	14962.4	15475.86	16071.6	17000.76
Germany	21543.7	22444.51	22781.54	22443.62	22928.43	23288.71	23422.93	23790.47	24262.67	24730.83	25487.25	25757.41	25698.59	25634.22	26009.89	26265.08
Djibouti	3126.045	2619.135	2641.61	2632.628	2419.963	2631.925	2489.897	2383.768	2314.105	3046.177	2968.823	3050.8	3003.221	2955.579	3007.529	3050.237
Dominica	5295.087	5272.719	5730.429	5811.341	5799.186	5835.381	6092.841	6238.82	6640.371	6776.29	6747.833	6404.757	6409.22	6285.412	7376.626	7560.954
Denmark	22661.53	22878.78	23258.76	23106.51	24344.83	25029.73	25596.31	26351.14	26838.32	27405.6	28310.43	28387.85	28407.71	28471.38	28980.29	29735.56
Dominican_Republic	3541.746	3551.422	3839.369	3951.884	4059.486	4139.376	4392.035	4633.692	4911.559	5152.769	5446.701	5642.27	5881.08	5675.239	5695.728	6088.914
Algeria	5545.234	5430.066	5450.202	5242.677	5066.13	5158.776	5310.51	5269.879	5387.509	5484.642	5575.841	5592.381	5677.59	5962.302	6166.38	6372.716
Ecuador	4661.116	4761.319	4746.932	4678.704	4770.187	4772.64	4790.56	4876.998	4847.711	4571.502	4592.435	4691.503	4755.924	4833.568	5107.229	5338.446
Egypt	3163.483	3203.609	3272.16	3296.88	3369.527	3456.125	3677.213	3730.995	3845.323	4003.309	4120.768	4188.1	4252.451	4313.45	4408.832	4527.719
Eritrea	377.4185	411.1398	449.2139	498.0895	580.5983	581.908	615.1071	649.4415	616.3855	569.0884	517.7662	538.5767	541.4383	552.4102	539.8727	526.8066
Spain	16086.63	16444.31	16534.41	16288.47	16631.13	17052.49	17421.1	18048.29	18800.41	19592.85	20416.59	20928.42	21206.83	21518.5	21861.7	22266.91
Estonia	10080.58	8977.017	7441.06	7353.383	7323.979	7896.301	8248.622	9060.5	9477.027	9650.942	10429.6	11072.24	12035.82	12564.45	13590.56	14872.04
Ethiopia	475.2462	436.639	468.9641	507.8774	508.6265	520.8793	559.7384	571.4559	556.4481	588.2885	595.7324	606.9117	611.1887	574.6836	627.5995	677.582
Finland	20958.15	19334.29	18430.36	18021.59	18659.89	19398.88	19922.34	21202.46	22347.52	23032.46	24196.75	24591.31	25047.89	25414.07	26289.59	26938.8
Fiji	4127.375	4108.862	3976.726	3894.777	3989.422	4012.033	4202.164	4029.998	4032.93	4121.613	4025.733	4089.96	4251.823	4273.071	4456.213	4465.342
France	21778.85	21888.77	22108.65	21721.63	22122.55	22545.76	22683.61	23130.12	23912.31	24635.82	25536.43	25908.73	26024.94	26085.64	26583.26	26894.19
Micronesia_(Fed._States_of)	2943.787	3058.75	3092.702	3239.445	3460.227	3501.363	3330.921	3138.516	3087.15	2918.568	3177.327	3183.987	3210.132	3259.292	3134.28	3164.219
Gabon	13217.42	13501	12928.04	13043.84	13453.17	13521.01	13499.99	13394.73	13322.89	11944.32	11359.13	11143.06	10847.82	10845.07	10673.26	10813.48
United_Kingdom	20216.24	19863.41	19867.02	20285.66	21109.86	21648.82	22193.7	22840.9	23556.14	24185.95	25042.14	25527.23	25937.2	26497.64	27223.48	27595.51
Georgia	6874.074	5620.109	3362.389	2146.385	1951.888	2052.267	2499.781	2774.234	2798.694	2862.718	2981.602	3092.148	3292.949	3431.871	4315.369	4717.031
Ghana	958.3716	968.8783	991.9756	999.2223	988.0981	1022.177	1030.991	989.6326	1038.159	1054.815	1146.116	1143.669	1191.575	1200.295	1237.196	1278.573
Guinea	1511.05	1484.96	1496.192	1507.715	1469.063	1539.387	1579.09	1622.718	1708.67	1725.47	1721.637	1818.017	1894.677	1912.834	1938.996	1961.466
Gambia	936.3087	922.0379	919.9293	907.0564	870.0873	829.1495	830.04	835.3932	858.0873	916.0313	939.2202	954.8271	888.616	928.0677	948.043	966.8766
Guinea-Bissau	605.6147	611.8392	513.8174	550.4862	591.2917	599.0439	640.3326	653.4817	467.7771	503.9734	622.8451	523.35	485.762	495.9446	492.865	495.3822
Equatorial_Guinea	1747.03	1693.192	1888.309	1802.528	1528.387	1699.881	2309.049	4337.856	5209.063	6769.229	7799.099	11760.35	15149.94	15181.86	19296.86	20170.38
Greece	15001.16	15334.96	15280.95	14886.17	15047.02	15239	15490.3	15951.88	16400.89	16882.99	17551.1	18295.64	18933.02	19794.35	20665.27	21335.58
Grenada	4360.634	4448.448	4518.454	4404.069	4464.777	4597.647	4719.162	4921.857	5263.812	5583.673	5940.322	5791.49	5898.228	6111.286	5693.244	6286.664
Greenland	22709.74	22677.81	21713.21	20830.31	21943.19	22689.05	23013.84	23310.32	24843.88	25119.41	26617.17	26877.65	26615.39	26481.87	27028.68	27417.8
Guatemala	3231.444	3247.956	3263.937	3316.789	3361.103	3431.915	3468.585	3497.297	3584.998	3650.206	3688.337	3670.904	3671.38	3682.589	3702.929	3730.518
Guyana	1934.418	2040.194	2178.602	2331.379	2501.428	2610.542	2794.79	2954.151	2918.327	3002.311	2971.314	3032.438	3061.102	3034.189	3116.406	3064.738
"China,_Hong_Kong_SAR"	21490.3	22587.26	23813.5	24850.87	25822.01	26016.08	26101.41	27014.19	24900.94	25024.92	26826.36	26687.62	26950.64	27550.84	29650.6	31458.41
Honduras	2356.585	2332.144	2394.007	2424.242	2297.177	2339.277	2388.525	2447.095	2456.906	2322.209	2405.127	2423.271	2463.556	2495.516	2562.825	2659.382
Croatia	10380.25	8407.088	7417.057	6643.247	7028.16	7435.81	7981.202	8401.258	8763.559	8714.74	9073.891	9461.556	9872.985	10284.85	10691.85	11138.98
Haiti	1702.016	1695.117	1521.237	1552.305	1398.552	1468.409	1459.99	1468.928	1495.307	1501.478	1562.441	1527.66	1504.294	1490.352	1426.738	1431.43
Hungary	10468.25	9411.133	9260.126	9490.755	9583.949	9730.203	9843.367	10290.71	10766.8	11225.61	11824.15	12371.32	12956.48	13502.3	14167.27	14745.34
Indonesia	2383.94	2552.505	2701.552	2837.342	2959.401	3100.433	3282.778	3351.927	2975.409	2964.53	3093.97	3148.824	3262.022	3378.275	3397.308	3532.221
Isle_of_Man	17973.15	18020.05	18017.7	18310.51	18849.54	19452.42	20687.5	22175.83	24772.08	27715.58	28885.89	30115.75	31532.17	33148.45	34503.75	36136.88
India	1484.328	1462.925	1497.348	1530.076	1579.631	1678.117	1750.815	1797.525	1888.757	2040.676	2083.223	2150.32	2228.778	2354.777	2496.615	2669.634
Ireland	14491.17	14687.76	15047.51	15373.66	16223.6	17688.69	19040.56	21058.93	22582.92	24811.33	26737.59	27929.39	29103.87	30024.62	30767.56	31759.89
Iran_(Islamic_Republic_of)	5003.082	5413.012	5716.129	5626.573	5734.23	5648.192	5876.133	5955.668	6125.92	6195.53	6422.915	6475.954	6849.474	7069.899	7304.653	7522.272
Iraq	2781.027	1146.342	1381.317	1889.567	1856.405	1543.759	2144.381	1556.333	2217.609	2630.903	2499.374	2518.218	2341.668	1446.087	1699.86	1721.572
Iceland	23185.41	22897.61	21889.52	21898.85	22506.9	22328.52	23274.47	24253.87	25574.43	26313.51	27274.45	27883.5	27311.52	28055.76	29825.25	31364.33
Israel	16028.41	16487.91	16908.39	17292.04	18058.43	18817.36	19410.6	19522.45	19821.88	19946.21	21141.49	20529.61	19917.5	19771.85	20316.97	21138.91
Italy	20742.44	21023.7	21150.9	20874.68	21313.3	21918.5	22089.5	22508.05	22867.84	23278.82	24025.06	24419.38	24455.96	24373.88	24526.26	24425.88
Jamaica	4505.753	4584.404	4704.43	4987.325	4987.973	5012.104	4941.891	4860.917	4891.64	4823.114	4813.692	4863.931	4896.435	4951.439	4983.685	5046.027
Jordan	3244.303	3044.302	3212.414	3229.427	3337.466	3470.718	3443.142	3507.249	3515.395	3529.339	3561.63	3606.816	3669.36	3607.573	3804.762	3966.841
Japan	22456.11	23131.79	23260.65	23229.4	23383.2	23763.15	24442.43	24773.89	24294.82	24192.74	24779.04	24763.01	24672.75	24964.46	25627.54	26103.94
Kazakhstan	8515.424	7653.213	7311.889	6770.696	5695.239	5181.169	5212.293	5231.013	5039.192	5223.713	5656.994	6321.931	7238.344	8340.801	9004.835	9725.427
Kenya	1306.364	1286.613	1233.535	1206.34	1205.289	1223.971	1241.858	1229.452	1223.825	1204.711	1200.072	1205.073	1172.923	1175.534	1202.545	1237.601
Kyrgyzstan	3553.774	3267.505	2841.959	2467.513	1957.357	1801.279	1921.61	2213.658	2254.714	2272.242	2360.422	2454.041	2421.535	2552.996	2688.82	2667.137
Cambodia	489.734	513.6534	535.7755	545.7943	574.8	574.6953	593.3254	611.7621	618.7262	657.9527	704.209	746.3243	776.9843	819.3217	882.8456	978.2665
Kiribati	1068.04	1114.482	1070.61	1063.079	1125.38	1159.473	1167.049	1204.996	1271.322	1332.718	1322.554	1315.461	1327.91	1335.03	1287.724	1275.296
Saint_Kitts_and_Nevis	7931.616	8305.205	8713.393	9214.545	10077.57	10374.3	11063.4	11896.28	12203.11	12911.45	12529	12420.76	12506.36	12554.2	13482.55	13793.61
Republic_of_Korea	9791.484	10621.22	11088.57	11674.7	12599.26	13565.28	14406.91	14886.9	13658.09	14924.85	16070.63	16552.7	17579.73	18045.51	18849.35	19520.14
Kuwait	18916.74	20583.98	25801.25	31929.13	32410.72	32756.44	31975.29	30779.58	30613.19	28359.3	28369.31	27581.14	26945.49	30512.13	32540.74	34465.19
Lao_People's_Democratic_Republic	1097.223	1105.838	1139.58	1143.394	1187.474	1216.123	1259.089	1295.02	1199.863	1258.561	1272.59	1301.219	1409.586	1434.86	1497.996	1573.325
Lebanon	3724.697	4918.648	4902.348	4966.814	5140.867	5877.703	6287.853	6593.842	6799.487	6814.628	6781.394	6646.646	6903.717	7039.978	7431.362	7432.271
Liberia	494.4568	463.5194	294.4585	193.8841	151.3301	145.9547	157.3958	287.546	330.8695	369.4139	432.4722	438.374	445.0999	305.4672	308.2158	315.4323
Libyan_Arab_Jamahiriya	11078.64	12203.7	11879.74	11613.76	11476.61	10720.68	10832	10887.51	10558.21	10464.1	10431.07	10602.85	10665.22	10467.2	10754.01	11206.12
Saint_Lucia	6398.681	6418.901	6816.098	6860.375	6659.085	6795.566	6892.895	6774.07	7155.769	7229.246	7134.604	6734.625	6856.744	6999.771	7335.901	7516.8
Liechtenstein	49467.02	49759.82	50817.96	52206.58	54760.69	56993.47	59820.79	62963.55	66575.15	71899.98	73300.58	72292.2	71155.89	69480.92	70816.83	73274.44
Sri_Lanka	2274.998	2294.734	2417.39	2535.783	2632.303	2774.263	2875.316	3008.153	3096.855	3213.568	3338.375	3360.885	3426.109	3569.85	3715.28	3894.048
Lesotho	1099.768	1081.777	1083.585	1157.366	1202.643	1249.398	1331.352	1420.541	1455.57	1437.398	1447.422	1451.891	1427.389	1555.351	1599.61	1630.528
Lithuania	11161.14	10578.78	8523.232	7297.068	6687.344	7050.563	7392.255	7879.928	8449.176	8325.347	8762.42	9305.518	9929.617	10903.22	11941.7	12882.39
Luxembourg	34732.27	37337.38	37430.56	38452.08	39395.84	39339.74	39666.83	41988.05	44345.62	47336.29	50797.56	51379.27	52354.71	52660.55	54213.23	55916.34
Latvia	10126.09	9040.368	6403.385	6090.184	6233.598	6262.4	6478.128	7078.649	7428.492	7770.167	8333.832	8945.117	9583.02	10226.62	11093.56	12225.27
"China,_Macao_SAR"	19872.24	19852.31	21639.93	22314.34	22863.75	23485.31	23281.39	22918.24	21749.3	20958.59	21992.02	22359.97	24290.33	27428.12	34447.21	36263.42
Morocco	3046.515	3199.532	3006.043	2928.301	3185.204	2912.28	3207.052	3065.611	3232.827	3182.451	3173.841	3342.146	3400.492	3524.431	3651.685	3701.069
Monaco	25344.27	25489.34	25708.24	25433.81	25850.59	26265.4	26478.08	26960.98	27746.58	28494.27	29391.56	29776.08	29935.97	30100.66	30621.4	30963.72
Moldova	3952.001	3361.319	2464.582	2444.643	1952.969	2020.302	1904.396	1996.407	1816.043	1712.124	1754.035	1853.29	2048.475	2172.488	2334.256	2535.046
Madagascar	890.361	860.7197	825.2343	818.4672	793.9118	787.0363	785.3625	791.8578	797.2389	779.4863	791.9266	808.7392	696.0292	734.4454	738.7936	751.5569
Maldives	2511.64	2601.9	2669.62	2736.813	2819.722	2924.647	3122.425	3285.209	3494.961	3518.495	3779.384	3770.322	3933.371	4305.993	4441.342	4181.846
Mexico	7276.857	7445.954	7574.281	7579.771	7774.037	7161.12	7394.558	7768.88	8031.531	8222.276	8635.841	8526.818	8494.587	8515.33	8771.033	8927.24
Marshall_Islands	4936.808	4969.909	4927.34	4924.394	4894.656	4898.121	4278.225	4003.269	3991.298	3953.552	3981.443	4046.206	4097.269	4097.445	4103.442	4107.781
TFYR_Macedonia	6326.361	5989.366	5550.435	5284.729	5196.869	5089.78	5132.753	5158.689	5302.94	5524.742	5729.148	5538.424	5506.104	5663.34	5870.957	6088.434
Mali	765.636	766.8513	806.8104	806.6372	787.9763	795.0061	835.6269	840.1204	917.4231	938.3609	903.3065	995.0271	983.5981	1028.175	1024.247	1053.453
Malta	11994.71	12704.5	13425.99	13825.19	14429.13	15018.32	15633.96	16318.27	16899.63	17549.22	18455.11	18195.6	18665.21	18279.47	18170.81	18639.12
Myanmar	386.4054	379.426	406.6093	423.1575	445.4397	467.5727	488.6613	507.549	525.955	570.7111	620.7962	678.5409	742.0192	825.8137	866.266	919.2933
Montenegro	8395.479	7569.746	5977.586	4017.952	4029.401	4464.618	5421.748	5635.593	5774.589	5316.414	5457.128	5509.21	5703.877	5974.647	6333.258	6708.214
Mongolia	1918.476	1707.018	1517.867	1449.594	1461.483	1536.112	1545.159	1586.14	1622.243	1655.457	1650.34	1665.266	1717.48	1802.505	1955.64	2060.243
Mozambique	744.6541	737.3026	663.6702	693.3644	718.3834	625.6245	652.1704	710.1281	764.1016	751.9633	771.1106	871.9305	918.6749	995.0332	1043.603	1099.911
Mauritania	1324.313	1323.403	1291.887	1376.064	1342.288	1413.795	1440.177	1406.203	1402.86	1458.878	1468.75	1461.86	1445.732	1427.326	1458.705	1496.945
Montserrat	12235.3	10010.01	10179.92	10383.83	10629.03	10351.79	9125.064	8489.502	9015.773	9718.479	10669.95	10655.21	11164.05	10324.37	10306.46	9928.15
Mauritius	7489.313	7844.253	8190.903	8525.977	8777.658	9282.553	9660.406	9925.482	10438.58	10705	11343.31	12090.76	12007.81	12339.99	12740.86	13098.31
Malawi	616.233	635.9572	568.9614	625.7888	668.2795	711.7577	717.8805	733.2782	731.4833	733.5746	732.7079	667.8496	644.7744	664.8196	689.6528	689.9792
Malaysia	6427.792	6817.628	7274.576	7751.522	8250.42	8803.559	9470.852	9891.795	9301.762	9757.316	10312.68	10194.6	10422.06	10857.45	11343.13	11683.81
Namibia	3778.613	4056.872	4146.255	4001.201	4082.956	4105.126	4096.777	4105.706	4099.994	4171.55	4370.971	4300.886	4484.931	4652.476	4878.617	5055.049
New_Caledonia	26898.62	27527.35	27131.26	26728.82	26798.71	27635.85	27247.44	27237.91	26053.43	25844.06	25918.26	25657.39	25419.93	25135.63	25004.57	24877.17
Niger	800.8773	771.3347	723.2338	698.0831	693.6996	682.1106	664.129	675.795	717.6349	706.5967	655.5242	676.4136	671.9536	678.0524	652.9242	675.843
Nigeria	1179.424	1200.344	1200.955	1195.602	1168.248	1108.441	1168.027	1167.191	1159.361	1156.949	1182.85	1184.45	1186.683	1302.752	1350.949	1388.108
Nicaragua	2783.004	2520.169	2480.002	2392.23	2371.583	2435.06	2480.695	2452.484	2487.145	2541.047	2656.63	2686.51	2624.096	2661.26	2703.339	2775.875
Netherlands	21945.64	22302.11	22492.07	22523.32	23032.16	23615.38	24278.3	25123.34	26014.48	26987.89	27829.75	28100.53	27947.42	27828.32	28225.53	28603.84
Norway	25256.85	25947.89	26671.14	27274.82	28578.85	29667.48	31092.24	32654.81	33330.75	33773.31	34588.74	35171.42	35409.74	35567.47	36545.27	37276.75
Nepal	867.9761	905.3057	907.5002	926.3544	972.2337	993.1398	1018.842	1043.232	1046.649	1077.391	1111.867	1149.814	1121.065	1131.406	1156.888	1170.818
Nauru	6904.382	6575.936	6069.946	5612.312	5204.726	4843.264	4523.625	4239.487	4181.319	4126.854	4133.367	4160.871	4193.264	4195.659	4196.83	4198.406
New_Zealand	17356.07	16950.63	16893.68	17746.75	18432.27	18912	19289.53	19495.23	19464.33	20316.61	20598.41	21188.63	21852.19	22245.44	22784.38	23022.52
Oman	13165.92	13537.72	14117.16	14524.5	14562.46	14891.73	15072.25	15510.21	15468.18	15162.66	15613.15	16532.4	16517.94	16391.01	17086.79	17823.76
Pakistan	1845.431	1891.416	1940.575	1943.576	1985.835	2036.81	2034.123	2033.534	2049.145	2084.257	2095.028	2077.692	2112.725	2175.836	2264.896	2372.427
Panama	5757.48	6280.763	6527.665	6671.895	6671.589	6652.669	6673.85	6975.162	7362.848	7502.909	7585.44	7543.356	7608.348	7788.015	8200.234	8605.536
Peru	3732.379	3730.902	3638.673	3733.573	4119.911	4382.501	4417.777	4634.903	4530.916	4515.713	4580.549	4524.312	4675.684	4789.188	4963.39	5217.916
Philippines	2684.669	2638.949	2609.342	2602.54	2691.157	2708.315	2780.627	2901.979	2771.572	2855.728	3081.838	2986.883	2999.378	3011.629	3245.012	3330.292
Palau	8930.499	8908.771	8693.305	8389.362	8755.629	9402.705	10067.73	10094.8	10103.08	9244.038	9138.085	9313.59	9202.561	9171.738	9495.729	9929.789
Papua_New_Guinea	2391.779	2527.9	2672.122	3267.477	3341.089	3132.317	3203.98	3061.542	3090.396	3310.4	3047.719	3063.841	3047.495	3069.113	3084.509	3125.177
Poland	6600.074	6270.733	6399.457	6637.36	6942.188	7409.549	7853.777	8380.902	8777.528	9163.629	9557.677	9712.512	9861.52	10251.3	10799.8	11176.25
Puerto_Rico	15330.87	15686	15993.23	16471.88	16988.75	16894.38	17323.98	18251.76	18954.67	19600.07	21104.75	21022.75	21345.2	21977.28	22033.96	22088.89
Dem._People's_Republic_of_Korea	1650.003	1555.029	1559.94	1461.097	1421.039	1358.505	1309.954	1238.424	1231.201	1298.458	1295.95	1331.086	1335.428	1345.959	1366.997	1408.821
Portugal	13436.8	13901.75	14019.79	13783.1	14068.29	14455.46	14929.02	15472.49	16119.64	16667.08	17195.35	17423.43	17438.39	17194.48	17291.88	17328.08
Paraguay	4310.117	4299.019	4311.419	4371.167	4380.345	4488.36	4435.25	4458.665	4364.967	4270.034	4130.43	4145.147	4000.629	4001.757	4087.546	4131.263
Occupied_Palestinian_Territory	2242.62	2096.287	2436.671	2572.053	2828.379	2882.886	2849.581	3060.897	3279.698	3421.17	3147.022	2751.399	2495.493	2570.609	2581.417	2646.358
French_Polynesia	18788.88	19263.07	19114.16	18845.19	18698.92	18511.09	18299.2	18340.82	19049.96	19441.19	19849.15	19829.3	20315.41	20632.35	20689.33	20979.83
Qatar	29036.41	27661.8	29129.67	27937.69	27294.57	26782.04	26502.39	31228.37	34162.77	35100.66	35807.87	35451.24	36490.15	37973.19	42552.3	43525.91
Romania	6324.508	5509.159	5084.015	5165.209	5388.643	5824.66	6104.209	5788.343	5575.527	5546.22	5641.999	5992.094	6366.643	6691.49	7272.577	7573.822
Russian_Federation	11801.24	10783.38	9507.754	8922.281	8088.482	7723.741	7341.42	7600.039	7316.847	7738.748	8452.252	9049.191	9672.209	10462.02	11198.16	11907.8
Rwanda	806.9355	816.9711	868.4431	797.5124	444.0201	673.0015	737.9962	717.3173	755.8646	767.7269	792.8235	830.9144	893.4718	965.4606	998.2831	1044.019
Saudi_Arabia	17125.83	18320.92	18646.89	17850.57	17516.87	17063.63	17169.07	17059.27	16946.67	16307.33	16656.44	16340.97	15768.39	16884.24	17366.71	17844.91
Sudan	976.1954	1017.56	1043.86	1057.626	1053.834	1081.129	1104.562	1162.835	1129.364	1070.823	1138.976	1186.829	1222.206	1282.829	1333.532	1387.974
Senegal	1322.014	1304.936	1282.921	1246.184	1242.421	1245.98	1250.915	1286.671	1303.597	1365.146	1407.847	1328.749	1306.897	1348.989	1390.016	1429.337
Singapore	20390.13	21132.09	21850.61	23955.95	25656.55	26991.97	27947.33	29441.8	27776.53	29216.04	31452.9	29497	30116.5	30672.3	33153.93	34525.54
Solomon_Islands	1814.842	1853.234	2065.405	2082.976	2129.948	2252.593	2240.206	2143.242	2115	2042.294	1699.351	1506.389	1436.576	1466.158	1537.242	1572.257
Sierra_Leone	890.9183	843.8192	718.6379	705.8488	698.8925	699.1831	717.3083	593.0006	548.3791	499.8271	510.9211	525.2722	578.6468	600.1572	618.9796	640.1709
El_Salvador	3559.2	3612.284	3789.742	3981.829	4137.193	4325.13	4345.492	4430.754	4479.382	4551.711	4571.93	4579.625	4609.55	4619.664	4642.342	4716.759
San_Marino	26003.13	26109.47	26034.79	27713.52	29116.33	31193.24	32318.92	32857.92	34816.7	37248.81	37526.72	38706.73	38047.99	38519.66	39304.35	39507.73
Somalia	927.0328	941.2338	877.7023	887.027	723.4362	716.8274	727.9412	696.1413	693.2102	684.0718	684.999	685.7449	687.47	689.0519	683.3191	680.9838
Serbia	10472.15	9754.443	7356.728	5397.071	5521.776	5797.059	6042.616	6454.178	6619.257	5331.697	5576.289	5841.468	6073.09	6235.81	6735.144	7143.36
S?_Tom?and_Pr?cipe	1391.364	1367.738	1308.177	1284.454	1286.526	1272.589	1249.862	1300.036	1293.311	1264.473	1297.029	1336.322	1378.12	1415.612	1402.866	1449.694
Suriname	4681.493	4826.905	4668.021	4077.291	3800.628	3700.475	4209.12	4609.289	4810.29	5478.976	4702.383	5471.958	5478.558	6568.674	6979.804	7282.273
Slovakia	10164.88	8651.918	8187.053	7878.464	8302.567	8718.432	9286.01	9710.42	10097.52	10234.79	10356.68	10694.55	11168.65	11649.14	12171.84	12854.18
Slovenia	14759.14	13402.9	12650.72	13216.7	13833.77	14407.71	14906.38	15629.25	16199.92	17041.04	17689.61	18171.57	18794.91	19282.33	20144.55	20894.27
Sweden	22570.11	22101.21	21707.79	21066.61	21779.45	22527.38	22771.7	23254.04	24104.5	25198.3	26282.42	26475.02	26883.08	27255.94	28250.42	28957.18
Swaziland	5787.958	5695.43	5576.443	5579.403	5676.84	5749.287	5817.562	5872.108	5900.209	6224.511	6330.791	6395.061	6551.213	6402.572	6557.289	6650.404
Seychelles	9228.155	9387.798	9901.844	10351.79	10116.39	9905.594	10241.87	11279.12	11916.53	11994.15	12319.83	12043.58	11881.77	11320.63	11047.1	11134.68
Syrian_Arab_Republic	2062.893	2172.654	2352.469	2407.132	2496.847	2588.357	2685.93	2707.252	2812.03	2646.323	2652.44	2680.704	2723.682	2702.41	2776.525	2822.555
Turks_and_Caicos_Islands	15017.58	15613.08	16101.36	16863.31	17865.92	18206.93	18994.79	19587.3	20768.52	21580.81	21620.32	21898.63	21062.32	21683.19	22840.29	24850
Chad	846.6135	889.1575	924.7666	824.615	843.3254	853.9908	825.5599	826.1299	861.0569	847.6357	803.9982	796.7543	796.6837	925.6824	1169.561	1219.281
Togo	837.3151	816.0798	760.8052	693.8475	763.5255	786.1161	794.1022	828.1079	822.6306	797.5143	759.8032	728.807	706.1528	734.5546	727.796	719.5557
Thailand	4267.58	4581.606	4906.573	5227.989	5610.166	5984.481	6225.853	6076.133	5447.996	5639.915	5777.316	5892.456	6130.188	6496.915	6825.127	7072.646
Tajikistan	3515.804	3233.399	2344.936	1916.119	1697.033	1236.015	1080.343	1024.89	1005.491	1140.617	1274.708	1328.448	1445.776	1539.824	1668.626	1751.589
Turkmenistan	7344.115	6910.094	5903.28	6309.107	4870.224	4539.107	4597.776	4048.062	4411.079	4882.599	5553.622	5635.632	5460.454	5654.603	6027.738	6506.985
Timor-Leste	872.978	927.3065	980.1627	1036.09	1101.239	1179.413	1293.026	1359.763	1360.663	950.661	1057.966	999.4948	954.4204	899.1123	883.7135	884.8002
Tonga	2657.738	2856.027	2744.81	2743.299	2816.545	2925.164	2896.586	2884.943	2929.727	2969.562	3101.387	3151.353	3209.275	3117.918	3149.841	3205.021
Trinidad_and_Tobago	8905.396	9072.773	9245.765	8982.89	9468.547	9866.74	10031.73	10153.67	10555.17	11369.75	13005.41	13073.2	13153.97	16362.25	17552.02	18734.52
Tunisia	4346.566	4437.748	4653.483	4684.933	4803.936	4832.909	5086.957	5284.436	5465.677	5728.726	5910.981	6121.915	6201.713	6442.498	6736.519	6924.712
Turkey	6052.999	5995.487	6190.571	6553.656	6112.025	6450.971	6807.516	7181.192	7242.138	6887.444	7222.316	6674.521	6968.061	7202.648	7756.505	8262.184
Tuvalu	3070.509	3140.256	3197.404	3295.899	3569.029	3403.79	3417.74	3697.218	4005.682	4069.364	3608.122	3996.218	4173.261	4359.57	4499.066	4643.87
Taiwan	9892.722	10463.03	11080.94	11692.48	12361.66	12980.2	13612.14	14280.69	14739.83	15397.69	16110.38	15806.2	16314.87	16737.57	17517	18089.97
United_Republic_of_Tanzania	630.7382	634.4353	616.2362	605.6933	590.9991	598.1522	607.8102	751.5245	769.9658	783.2599	791.525	821.1041	864.4512	883.3848	917.8668	957.6633
Uganda	594.8792	609.1347	611.6841	640.369	711.6161	715.3553	753.8168	780.5403	799.8744	842.3745	863.4789	878.1713	897.3954	912.6071	931.6839	958.4015
Ukraine	8404.183	7758.338	7069.095	6203.831	4931.5	4327.661	3928.611	3842.038	3800.372	3857.969	4137.645	4599.738	4847.938	5331.857	5950.205	6143.151
Uruguay	7068.094	7317.423	7960.696	8179.444	8743.79	8562.027	8996.433	9408.773	9824.59	9508.869	9299.637	8930.267	7749.767	7876.093	8793.401	9375.289
United_States_of_America	27679.8	27260.84	27854.19	28309.48	29176.68	29595.21	30400.71	31477	32484.4	33595.88	34482.41	34329	34492.48	35061.38	36186.55	36954.05
Uzbekistan	2989.844	2902.41	2302.853	2607.849	2337.485	2233.54	2241.41	2339.71	2381.821	2493.79	2495.485	2555.497	2619.386	2746.236	2903.937	3053.601
Saint_Vincent_and_the_Grenadines	4725.492	4631.191	5094.085	5301.285	5115.623	5317.246	5397.576	5494.336	5586.342	5940.966	6325.326	6307.968	6554.322	6517.762	6852.489	7001.383
Venezuela_(Bolivarian_Republic_of)	7968.252	8583.722	8906.551	8691.26	8259.379	8400.174	8155.442	8502.537	8364.994	7763.29	7902.889	8039.077	7232.444	6617.965	7592.039	8183.672
British_Virgin_Islands	9227.754	11733.88	15035.34	19551.27	24640.19	31323.96	33728.63	36113.32	38625.72	41108.48	45226.21	46122.02	44256.69	41128.41	44409.97	47453.47
Viet_Nam	1116.978	1148.747	1213.128	1280.783	1344.822	1439.778	1546.51	1632.021	1696.781	1725.081	1802.952	1888.927	1996.093	2115.352	2236.758	2379.156
Vanuatu	2850.681	2981.782	3059.249	3044.459	3117.758	3122.155	3073.168	3194.849	3312.907	3099.524	3169.305	2853.56	2626.914	2777.093	2849.773	2953.142
Samoa	2556.801	2470.766	2397.245	2453.191	2294.11	2431.852	2599.974	2617.497	2698.811	2721.897	2901.629	3086.179	3169.235	3247.547	3303.107	3452.224
Yemen	1275.711	1251.155	1245.211	1219.45	1291.41	1327.442	1307.131	1351.634	1382.654	1409.196	1456.415	1481.452	1489.884	1476.054	1490.111	1526.154
South_Africa	7312.874	7127.864	6845.327	6820.848	6870.454	6913.793	7083.334	7157.34	7109.718	7216.338	7424.026	7563.401	7756.695	7911.515	8192.144	8492.656
Zambia	1105.551	1105.181	1042.319	1052.24	939.3085	863.5188	885.7003	898.0591	866.9008	868.2374	889.3535	898.1923	924.9838	963.8718	996.2843	1026.988
Zimbabwe	2383.523	2599.926	2192.364	2146.991	2223.136	2064.412	2198.979	2234.184	2234.887	2266.208	2250.003	2146.114	1911.991	1744.398	1711.046	1645.263
